1:[0.9942, 0.9770, 0.9439, 0.9143, 0.8918, 0.8812, 0.8719, 0.8641, 0.8519,
        0.8514, 0.8596, 0.8617, 0.8613, 0.8617, 0.8644, 0.8682, 0.8751, 0.8764,
        0.8730, 0.8522, 0.8201, 0.7696, 0.6925, 0.6009]
2:[0.9941, 0.9769, 0.9443, 0.9145, 0.8920, 0.8808, 0.8708, 0.8617, 0.8505,
        0.8495, 0.8577, 0.8609, 0.8597, 0.8624, 0.8641, 0.8674, 0.8744, 0.8753,
        0.8704, 0.8493, 0.8187, 0.7661, 0.6925, 0.5996]
3:[0.9940, 0.9771, 0.9443, 0.9145, 0.8917, 0.8812, 0.8696, 0.8618, 0.8507,
        0.8489, 0.8572, 0.8613, 0.8609, 0.8618, 0.8641, 0.8678, 0.8761, 0.8755,
        0.8720, 0.8487, 0.8178, 0.7663, 0.6902, 0.5982]
4:[0.9940, 0.9773, 0.9447, 0.9144, 0.8917, 0.8805, 0.8695, 0.8609, 0.8503,
        0.8474, 0.8574, 0.8606, 0.8609, 0.8616, 0.8638, 0.8667, 0.8735, 0.8742,
        0.8700, 0.8488, 0.8175, 0.7639, 0.6874, 0.5956]
5:[[0.9943, 0.9776, 0.9453, 0.9146, 0.8922, 0.8803, 0.8694, 0.8610, 0.8494,
        0.8492, 0.8579, 0.8606, 0.8609, 0.8624, 0.8647, 0.8670, 0.8741, 0.8740,
        0.8686, 0.8457, 0.8159, 0.7629, 0.6864, 0.5949]]

6:[0.9944, 0.9777, 0.9450, 0.9143, 0.8909, 0.8797, 0.8690, 0.8606, 0.8501,
        0.8487, 0.8572, 0.8604, 0.8601, 0.8605, 0.8634, 0.8660, 0.8729, 0.8741,
        0.8692, 0.8476, 0.8159, 0.7638, 0.6884, 0.5962]
7:[0.9945, 0.9777, 0.9451, 0.9140, 0.8912, 0.8795, 0.8681, 0.8606, 0.8501,
        0.8478, 0.8572, 0.8604, 0.8600, 0.8602, 0.8627, 0.8655, 0.8735, 0.8736,
        0.8694, 0.8465, 0.8144, 0.7623, 0.6854, 0.5945]
8:[0.9944, 0.9777, 0.9450, 0.9137, 0.8911, 0.8790, 0.8696, 0.8620, 0.8502,
        0.8487, 0.8573, 0.8593, 0.8591, 0.8599, 0.8625, 0.8652, 0.8727, 0.8737,
        0.8697, 0.8473, 0.8149, 0.7620, 0.6874, 0.5942]
9:[0.9944, 0.9775, 0.9447, 0.9138, 0.8909, 0.8797, 0.8705, 0.8616, 0.8500,
        0.8474, 0.8565, 0.8600, 0.8597, 0.8599, 0.8624, 0.8654, 0.8723, 0.8733,
        0.8685, 0.8455, 0.8146, 0.7618, 0.6856, 0.5927]
10:[0.9944, 0.9776, 0.9447, 0.9140, 0.8917, 0.8798, 0.8693, 0.8605, 0.8500,
        0.8480, 0.8569, 0.8590, 0.8586, 0.8602, 0.8619, 0.8659, 0.8735, 0.8738,
        0.8686, 0.8468, 0.8146, 0.7629, 0.6877, 0.5945]
11:[0.9943, 0.9778, 0.9451, 0.9150, 0.8919, 0.8796, 0.8683, 0.8608, 0.8482,
        0.8479, 0.8569, 0.8591, 0.8585, 0.8599, 0.8625, 0.8652, 0.8724, 0.8736,
        0.8674, 0.8450, 0.8136, 0.7618, 0.6864, 0.5913]
12:[0.9944, 0.9777, 0.9452, 0.9150, 0.8915, 0.8797, 0.8695, 0.8605, 0.8492,
        0.8479, 0.8569, 0.8592, 0.8581, 0.8591, 0.8611, 0.8646, 0.8736, 0.8723,
        0.8685, 0.8475, 0.8164, 0.7646, 0.6867, 0.5943]